erf : 0.328877
erf1: 36.873
erf2: 23.8954

x:  0.840188
r1: 7.65247e+08
r2: 7.65247e+08
r3: 7.65247e+08

erf : 0.321804
erf1: 36.3989
erf2: 23.41

x:  0.394383
r1: 4.22979e+08
r2: 4.22979e+08
r3: 4.22979e+08

erf : 0.32406
erf1: 38.7092
erf2: 23.6595

x:  0.783099
r1: 7.31909e+08
r2: 7.31909e+08
r3: 7.31909e+08

