erf : 1.2186
erf1: 49.462
erf2: 23.1654

x:  0.840188
r1: 7.65247e+08
r2: 7.65247e+08
r3: 7.65247e+08

erf : 1.23855
erf1: 49.9156
erf2: 24.0156

x:  0.394383
r1: 4.22979e+08
r2: 4.22979e+08
r3: 4.22979e+08

erf : 1.3006
erf1: 49.5403
erf2: 23.3361

x:  0.783099
r1: 7.31909e+08
r2: 7.31909e+08
r3: 7.31909e+08

