 erf1:    5.7759999999999998     
 erf:     1.1639999999999997     

 y1:    520500004.51949286     
 y:     520499884.12251019     

 erf1:    5.9120000000000008     
 erf:     1.2319999999999993     

 y1:    1041000066.5409706     
 y:     1040999711.4748260     

 erf1:    5.9359999999999999     
 erf:     1.3000000000000007     

 y1:    1561500018.7266521     
 y:     1561499648.6628389     

