erf : 7.36873
erf1: 1.20327
erf2: 1.20664

x:  0.00125126
r1: 1.41189e+06
r2: 1.4119e+06
r3: 1.41189e+06

erf : 7.13366
erf1: 1.21012
erf2: 1.22827

x:  0.563585
r1: 5.74566e+08
r2: 5.74566e+08
r3: 5.74566e+08

erf : 7.38679
erf1: 1.23865
erf2: 1.22149

x:  0.193304
r1: 2.15434e+08
r2: 2.15434e+08
r3: 2.15434e+08

