 erf1:   0.118400000
 erf:    0.109296001

 y1:    52050000.657111831
 y:     52049987.764046803

 erf1:   0.111100987
 erf:    0.108731985

 y1:    104100001.08626528
 y:     104099976.05671433

 erf1:   0.109770000
 erf:    0.108586967

 y1:    156150001.51541874
 y:     156149964.56493881

