Erf1: 22.272
Erf2: 10.779

x:  0.951926159184392
r1: 821770519.470281
r2: 821770658.760102

Erf1: 21.382
Erf2: 12.384

x:  0.0680600200165343
r1: 76679213.5346293
r2: 76679094.4019808

Erf1: 22.253
Erf2: 12.483

x:  0.386713070043695
r1: 415549095.5959
r2: 415549039.780492

